1627137162,23,102,29,108,150,167,186,32, 
1627137167,22,156,198,66,151,137,100,162, 
1627137172,32,60,175,20,31,149,73,37, 
1627137177,35,27,107,195,149,43,103,85, 
1627137182,9,139,179,113,107,134,41,43, 
1627137187,163,43,64,187,6,157,30,185, 
1627137192,11,17,91,21,21,72,55,171, 
1627137197,45,162,175,154,148,64,44,135, 
1627137202,119,125,56,160,157,90,56,71, 
1627137207,32,32,188,11,194,199,125,1, 
1627137212,95,192,171,50,165,66,37,174, 
1627137217,171,126,14,191,126,99,144,124, 
1627137222,47,122,108,39,27,167,15,130, 
1627137227,100,6,71,89,161,54,12,23, 
1627137232,22,108,126,11,80,82,151,66, 
1627137237,165,170,110,141,153,124,167,156, 
1627137242,40,145,94,66,125,142,55,128, 
1627137247,192,31,22,86,108,179,48,79, 
1627137252,169,60,155,144,97,27,92,105, 
1627137257,47,156,181,23,55,157,132,57, 
1627137262,102,46,88,130,124,96,97,125, 
1627137267,66,190,13,165,199,98,166,102, 
1627137272,100,26,155,43,118,88,44,86, 
1627137277,119,18,93,193,189,33,119,150, 
1627137282,172,10,154,3,70,126,174,97, 
1627137287,164,153,50,184,11,122,158,68, 
1627137292,199,31,141,115,103,17,33,115, 
1627137297,61,168,64,198,110,173,90,147, 
1627137302,136,112,189,174,186,173,90,194, 
1627137307,74,50,177,173,47,83,190,89, 
1627137312,89,192,152,64,172,36,83,127, 
1627137317,38,109,85,176,58,114,36,33, 
1627137322,3,75,173,69,166,33,140,147, 
1627137327,161,173,145,126,157,136,153,72, 
1627137332,30,194,110,156,154,151,21,144, 
1627137337,28,37,141,76,136,164,88,189, 
1627137342,136,112,112,117,99,77,127,2, 
1627137347,56,144,133,115,150,173,73,25, 
1627137352,177,38,156,16,180,115,123,33, 
1627137357,60,142,158,9,4,14,135,129, 
1627137362,56,133,152,47,133,78,62,138, 
1627137367,190,143,117,18,0,126,189,69, 
1627137372,87,112,28,36,194,146,144,61, 
1627137377,65,67,154,188,146,118,148,83, 
1627137382,139,184,163,192,164,130,64,55, 
1627137387,177,96,12,9,62,135,26,144, 
1627137392,197,103,143,151,37,81,0,128, 
1627137397,91,155,99,197,136,137,122,187, 
1627137402,83,102,121,95,100,123,81,130, 
1627137407,66,163,20,18,78,56,29,29, 
1627137412,62,160,53,85,157,154,6,114, 
1627137417,12,67,48,101,161,157,139,91, 
1627137422,143,49,44,61,176,3,32,14, 
1627137427,38,123,6,32,103,10,152,42, 
1627137432,85,2,114,59,89,157,110,145, 
1627137437,144,26,179,152,94,62,42,69, 
1627137442,24,18,34,198,171,20,3,192, 
1627137447,53,152,17,126,184,170,116,175, 
1627137452,109,5,58,33,12,50,88,189, 
1627137457,26,84,198,126,12,145,85,135, 
1627137462,110,95,128,8,147,197,133,108, 
1627137467,78,18,164,13,108,147,74,162, 
1627137472,162,19,162,77,57,169,88,126, 
1627137477,165,41,154,140,185,83,34,180, 
1627137482,150,114,30,87,28,83,121,189, 
1627137487,44,151,50,117,126,181,26,185, 
1627137492,152,171,81,67,133,135,4,38, 
1627137497,34,92,123,99,90,67,134,188, 
1627137502,86,44,95,110,28,117,54,20, 
1627137507,41,62,173,143,179,57,108,92, 
1627137512,21,44,144,76,119,171,180,82, 
1627137517,96,10,45,159,164,89,16,96, 
1627137522,36,80,159,116,185,107,177,77, 
1627137527,47,4,4,45,36,155,104,59, 
1627137532,116,199,35,74,77,114,5,170, 
1627137537,85,196,37,47,46,115,199,120, 
1627137542,183,145,30,48,194,132,196,63, 
1627137547,24,145,121,39,164,11,12,84, 
1627137552,76,34,101,189,75,146,2,18, 
1627137557,17,190,150,11,86,38,183,29, 
1627137562,110,170,186,4,72,65,156,127, 
1627137567,191,44,161,116,8,150,185,108, 
1627137572,84,6,185,95,34,75,40,57, 
1627137577,189,60,74,39,108,47,8,121, 
1627137582,27,171,186,171,162,191,41,122, 
1627137587,193,163,38,193,139,145,3,2, 
1627137592,198,101,118,47,100,167,25,60, 
1627137597,82,117,168,90,25,5,134,99, 
1627137602,118,152,154,6,109,42,101,155, 
1627137607,108,193,2,138,13,162,172,2, 
1627137612,132,84,197,108,181,36,119,42, 
1627137617,40,49,64,127,138,36,135,153, 
1627137622,2,180,125,95,137,114,60,20, 
1627137627,6,91,197,191,84,130,179,134, 
1627137632,90,41,98,176,177,47,67,45, 
1627137637,32,25,12,114,10,9,197,136, 
1627137642,16,192,192,99,67,12,28,165, 
1627137647,2,184,156,8,179,20,124,8, 
1627137652,103,73,134,115,103,61,128,171, 
1627137657,7,12,97,180,197,197,23,140, 
1627137662,129,85,106,125,77,146,179,6, 
1627137667,56,38,17,137,22,187,107,173, 
1627137672,72,82,34,127,14,187,144,106, 
1627137677,19,106,178,56,171,177,63,75, 
1627137682,194,1,169,72,34,21,141,111, 
1627137687,106,48,115,188,170,88,142,167, 
1627137692,198,184,191,195,139,56,139,113, 
1627137697,28,136,8,184,34,72,150,44, 
1627137702,29,123,40,81,136,98,76,170, 
1627137707,197,105,187,39,129,57,34,35, 
1627137712,90,140,171,19,12,118,80,190, 
1627137717,149,43,68,46,61,39,76,96, 
1627137722,6,199,116,102,102,179,135,199, 
1627137727,48,140,142,79,143,105,101,111, 
1627137732,145,94,184,79,12,84,121,184, 
1627137737,149,62,133,159,128,13,38,184, 
1627137742,118,6,55,87,190,196,5,191, 
1627137747,127,75,77,126,147,167,154,74, 
1627137752,131,114,33,49,44,32,104,108, 
1627137757,24,54,44,189,42,126,191,139, 
1627137762,18,158,163,108,135,194,43,179, 
1627137767,37,41,46,90,7,93,28,12, 
1627137772,55,102,95,25,44,29,12,23, 
1627137777,92,171,137,60,19,110,18,22, 
1627137782,192,71,104,36,175,134,111,142, 
1627137787,169,156,154,160,185,187,194,182, 
1627137792,195,118,97,110,112,27,191,7, 
1627137797,116,51,194,81,99,127,97,2, 
1627137802,5,153,159,14,10,122,138,97, 
1627137807,154,103,133,133,58,113,3,181, 
1627137812,85,158,6,35,42,115,187,101, 
1627137817,173,117,162,42,64,148,96,129, 
1627137822,32,47,130,37,50,98,9,185, 
1627137827,9,53,129,150,46,119,4,53, 
1627137832,147,9,55,63,177,126,10,56, 
1627137837,93,144,188,131,128,141,127,39, 
1627137842,82,17,32,33,38,180,34,32, 
1627137847,159,141,84,182,151,198,114,184, 
1627137852,198,75,91,38,100,197,160,37, 
1627137857,16,81,111,14,168,135,1,11, 
1627137862,154,31,56,38,23,138,68,76, 
1627137867,137,198,118,107,154,12,108,88, 
1627137872,172,7,0,127,105,60,29,193, 
1627137877,173,27,102,155,79,185,163,84, 
1627137882,15,77,95,130,0,124,117,80, 
1627137887,155,64,78,92,104,128,89,133, 
1627137892,63,77,180,99,10,84,15,100, 
1627137897,95,165,78,72,92,100,117,77, 
1627137902,87,125,46,120,120,71,73,196, 
1627137907,146,135,179,15,93,33,44,156, 
1627137912,123,48,154,52,5,76,36,84, 
1627137917,58,145,153,159,190,12,147,64, 
1627137922,85,16,92,101,157,102,176,73, 
1627137927,175,14,167,193,154,26,166,184, 
1627137932,130,84,93,121,162,17,174,178, 
1627137937,145,119,159,41,109,101,82,124, 
1627137942,66,106,3,143,31,142,75,75, 
1627137947,154,31,156,178,139,178,174,109, 
1627137952,122,184,54,153,142,134,149,13, 
1627137957,134,57,83,151,154,79,176,25, 
1627137962,57,119,164,65,174,36,138,186, 
1627137967,114,27,160,72,151,164,79,5, 
1627137972,77,172,33,148,122,49,26,123, 
1627137977,184,83,85,59,74,160,153,175, 
1627137982,129,82,50,141,145,128,135,44, 
1627137987,190,170,60,94,152,181,116,58, 
1627137992,89,87,103,74,23,41,186,135, 
1627137997,25,85,184,10,107,70,104,8, 
1627138002,6,108,164,163,40,100,113,159, 
1627138007,3,71,74,47,127,27,89,97, 
1627138012,74,58,53,59,103,181,94,167, 
1627138017,91,93,106,138,197,149,94,11, 
1627138022,14,89,75,103,161,131,24,111, 
1627138027,125,91,150,32,126,62,17,9, 
1627138032,1,52,57,111,15,108,198,142, 
1627138037,144,155,160,178,84,55,12,41, 
1627138042,28,26,152,67,67,163,79,129, 
1627138047,134,116,24,6,59,199,135,182, 
1627138052,141,36,109,192,135,144,131,147, 
1627138057,49,12,124,2,166,129,45,102, 
1627138062,181,195,94,15,95,106,12,118, 
1627138067,139,20,89,153,34,102,92,172, 
1627138072,133,81,28,172,65,70,21,17, 
1627138077,195,1,152,137,94,25,26,36, 
1627138082,115,75,125,63,144,24,138,172, 
1627138087,129,112,62,24,145,6,130,195, 
1627138092,69,182,34,186,128,193,155,194, 
1627138097,174,45,104,124,109,37,34,175, 
1627138102,150,98,199,167,59,199,155,130, 
1627138107,125,91,152,125,99,32,173,76, 
1627138112,158,30,195,95,92,169,56,93, 
1627138117,44,80,66,127,3,52,135,40, 
1627138122,76,166,142,122,93,23,1,57, 
1627138127,183,7,160,199,4,98,191,98, 
1627138132,141,41,167,19,107,136,158,75, 
1627138137,128,168,49,65,102,112,178,34, 
1627138142,99,146,131,79,121,39,132,83, 
1627138147,54,38,95,179,11,23,18,125, 
1627138152,116,177,123,163,50,185,90,67, 
1627138157,145,104,14,48,35,99,89,157, 
1627138162,81,40,182,165,175,27,120,66, 
1627138167,107,124,185,104,117,60,132,144, 
1627138172,19,180,188,79,136,95,93,157, 
1627138177,57,128,63,137,93,118,91,111, 
1627138182,11,88,130,42,168,14,145,186, 
1627138187,20,118,35,21,149,71,77,96, 
1627138192,74,65,66,78,147,80,39,12, 
1627138197,197,93,126,70,105,193,14,86, 
1627138202,65,59,171,123,141,153,160,43, 
1627138207,171,190,155,147,188,149,140,62, 
1627138212,9,127,38,124,74,50,16,83, 
1627138217,55,137,157,10,12,121,135,162, 
1627138222,19,191,195,27,55,27,25,22, 
1627138227,187,40,69,143,111,145,191,134, 
1627138232,127,29,34,190,29,131,139,57, 
1627138237,102,139,153,90,187,122,49,84, 
1627138242,93,122,166,138,140,53,147,24, 
1627138247,53,184,37,38,192,136,123,28, 
1627138252,43,78,134,130,77,99,127,35, 
1627138257,162,36,26,162,161,68,121,49, 
1627138262,149,61,177,124,174,24,18,147, 
1627138267,24,101,70,14,49,94,186,52, 
1627138272,23,35,108,136,117,2,129,82, 
1627138277,18,51,119,127,49,183,134,85, 
1627138282,78,15,186,100,187,182,19,193, 
1627138287,68,35,21,195,58,191,153,156, 
1627138292,59,0,143,0,168,43,82,94, 
1627138297,106,140,10,51,33,148,127,90, 
1627138302,101,97,187,58,1,172,151,42, 
1627138307,31,40,192,4,58,143,166,24, 
1627138312,63,137,153,25,57,22,46,3, 
1627138317,86,155,110,87,24,52,185,154, 
1627138322,155,54,115,133,69,159,104,61, 
1627138327,119,98,29,47,109,14,49,10, 
1627138332,188,98,44,15,83,194,128,25, 
1627138337,61,167,66,193,165,97,124,3, 
1627138342,165,53,30,5,74,133,31,183, 
1627138347,39,20,16,139,144,93,189,106, 
1627138352,150,77,6,30,192,151,168,92, 
1627138357,17,43,190,43,183,126,93,9, 
1627138362,69,138,132,77,1,177,112,187, 
1627138367,112,33,131,58,174,195,192,150, 
1627138372,15,194,125,64,15,30,190,51, 
1627138377,115,105,163,55,93,121,181,1, 
1627138382,100,154,117,104,66,83,190,77, 
1627138387,48,10,164,132,13,99,55,194, 
1627138392,115,125,116,75,116,149,9,125, 
1627138397,114,141,197,185,108,169,96,110, 
1627138402,30,20,12,130,0,137,199,88, 
1627138407,56,195,92,151,23,63,181,170, 
1627138412,27,59,52,28,95,163,87,151, 
1627138417,109,191,53,166,55,173,125,132, 
1627138422,5,188,136,126,73,47,176,144, 
1627138427,199,80,82,162,103,103,192,163, 
1627138432,189,91,27,144,45,76,96,50, 
1627138437,29,39,52,22,36,179,12,37, 
1627138442,158,175,167,105,148,58,41,195, 
1627138447,169,21,170,70,82,18,79,79, 
1627138452,85,184,32,123,10,104,83,115, 
1627138457,11,185,59,57,76,101,187,98, 
1627138462,172,128,79,66,85,119,169,66, 
1627138467,191,198,13,187,21,194,5,167, 
1627138472,161,43,75,13,95,40,42,154, 
1627138477,24,109,77,23,29,17,181,12, 
1627138482,161,140,111,136,59,114,78,96, 
1627138487,30,146,120,71,19,165,107,137, 
1627138492,122,135,91,53,149,43,160,76, 
1627138497,193,192,171,109,161,70,62,73, 
1627138502,192,7,17,174,48,18,43,72, 
1627138507,135,9,32,41,167,153,46,152, 
1627138512,189,52,105,49,165,15,165,138, 
1627138517,41,120,161,29,85,75,31,164, 
1627138522,146,151,117,197,191,154,78,162, 
1627138527,158,140,142,108,19,59,118,190, 
1627138532,57,92,91,62,8,126,79,129, 
1627138537,180,25,120,107,187,7,4,190, 
1627138542,22,116,113,23,109,169,191,38, 
1627138547,111,149,60,184,56,134,111,72, 
1627138552,174,117,154,74,115,168,5,39, 
1627138557,160,21,47,85,90,143,39,122, 
1627138562,172,141,167,103,75,15,176,183, 
1627138567,164,46,28,67,17,96,90,24, 
1627138572,7,162,11,119,21,83,120,105, 
1627138577,126,100,172,44,190,125,88,105, 
1627138582,40,167,187,180,145,42,88,136, 
1627138587,17,127,184,33,160,148,13,42, 
1627138592,169,158,12,92,165,198,196,128, 
1627138597,77,103,97,26,13,170,147,167, 
1627138602,45,83,171,105,149,137,48,12, 
1627138607,187,35,145,56,5,38,69,32, 
1627138612,61,16,126,158,18,48,77,105, 
1627138617,105,49,196,95,173,158,191,132, 
1627138622,154,13,6,2,95,134,31,48, 
1627138627,73,143,109,174,15,34,178,97, 
1627138632,150,47,47,124,185,44,145,72, 
1627138637,54,52,195,29,49,41,84,142, 
1627138642,109,100,131,179,10,119,160,66, 
1627138647,123,2,48,159,98,97,18,12, 
1627138652,191,25,127,145,199,127,119,68, 
1627138657,110,15,155,140,153,154,54,46, 
1627138662,121,100,158,47,25,113,163,87, 
1627138667,51,188,35,183,146,68,165,102, 
1627138672,146,87,44,43,46,117,72,50, 
1627138677,145,83,119,6,165,141,70,182, 
1627138682,165,81,176,31,185,172,106,2, 
1627138687,48,40,46,0,100,86,163,9, 
1627138692,104,0,0,169,143,160,69,112, 
1627138697,82,195,97,124,142,128,152,77, 
1627138702,188,53,8,157,45,82,152,146, 
1627138707,195,92,4,34,196,160,164,9, 
1627138712,148,98,195,132,8,167,31,65, 
1627138717,149,39,55,186,130,23,190,67, 
1627138722,103,71,190,127,194,21,187,143, 
1627138727,156,121,6,125,115,21,137,82, 
1627138732,8,105,112,188,77,39,197,147, 
1627138737,54,198,115,25,21,106,75,128, 
1627138742,2,159,42,12,52,39,57,49, 
1627138747,148,29,6,136,147,92,112,79, 
1627138752,156,158,150,70,86,57,12,147, 
1627138757,173,30,67,26,168,134,188,97, 
1627138762,60,37,28,175,106,37,124,108, 
1627138767,21,54,99,86,63,73,197,58, 
1627138772,37,89,18,70,117,124,48,120, 
1627138777,77,8,83,74,185,166,183,152, 
1627138782,113,177,122,175,28,45,67,140, 
1627138787,107,69,70,187,32,33,150,166, 
1627138792,59,138,189,97,131,160,27,5, 
1627138797,142,118,168,141,67,55,40,20, 
1627138802,190,62,188,174,120,124,70,37, 
1627138807,71,90,183,192,76,140,111,118, 
1627138812,81,100,108,2,164,120,114,103, 
1627138817,76,29,111,163,100,162,37,76, 
1627138822,175,157,20,162,12,80,11,50, 
1627138827,79,186,155,8,93,95,171,10, 
1627138832,19,157,29,114,162,180,126,156, 
1627138837,175,31,162,172,3,128,134,191, 
1627138842,44,188,180,33,118,13,111,107, 
1627138847,103,66,198,88,99,164,69,7, 
1627138852,33,92,39,25,80,71,135,5, 
1627138857,103,32,111,104,135,170,52,171, 
1627138862,137,28,81,89,104,185,69,166, 
1627138867,107,11,0,108,52,183,3,79, 
1627138872,32,146,134,166,163,194,90,111, 
1627138877,126,188,55,183,78,108,38,76, 
1627138882,120,18,190,101,126,112,16,72, 
1627138887,39,32,81,132,99,131,180,148, 
1627138892,170,13,167,145,28,105,193,172, 
1627138897,31,104,151,109,93,40,131,11, 
1627138902,177,77,40,30,132,52,167,119, 
1627138907,8,32,136,104,26,157,2,89, 
1627138912,17,76,0,123,62,142,109,43, 
1627138917,41,158,30,168,147,189,193,174, 
1627138922,72,107,55,119,178,106,29,148, 
1627138927,106,49,18,35,25,65,187,190, 
1627138932,29,132,170,67,80,107,173,177, 
1627138937,96,72,52,187,3,58,153,53, 
1627138942,58,50,127,145,31,155,57,65, 
1627138947,56,172,29,69,54,196,93,3, 
1627138952,57,6,170,181,124,180,138,53, 
1627138957,4,118,195,125,59,181,83,30, 
1627138962,37,35,95,85,125,23,103,59, 
1627138967,103,123,19,159,190,5,121,173, 
1627138972,195,69,175,181,130,3,187,28, 
1627138977,115,173,104,196,24,136,137,91, 
1627138982,49,194,53,189,196,146,160,50, 
1627138987,68,79,22,146,106,171,48,139, 
1627138992,65,192,96,39,35,172,178,198, 
1627138997,156,45,117,16,180,168,119,81, 
1627139002,22,30,147,194,63,178,84,185, 
1627139007,79,50,174,162,91,6,76,96, 
1627139012,34,124,42,173,18,56,193,57, 
1627139017,197,130,161,90,108,116,171,192, 
1627139022,70,101,6,158,116,53,131,39, 
1627139027,88,151,151,122,85,62,122,72, 
1627139032,192,62,68,22,71,180,50,53, 
1627139037,27,58,118,44,66,140,90,121, 
1627139042,61,57,66,5,142,0,155,139, 
1627139047,33,35,181,52,146,11,43,112, 
1627139052,188,77,111,190,147,179,40,73, 
1627139057,104,123,126,108,96,15,131,159, 
1627139062,87,160,167,185,16,58,53,125, 
1627139067,37,106,179,177,105,117,2,186, 
1627139072,26,121,9,129,115,17,182,72, 
1627139077,45,141,53,25,182,31,41,126, 
1627139082,139,101,189,136,162,107,61,50, 
1627139087,192,32,105,154,160,168,12,98, 
1627139092,0,121,1,43,101,66,87,172, 
1627139097,162,175,144,75,82,114,90,81, 
1627139102,187,129,181,136,141,189,86,61, 
1627139107,193,92,121,136,76,156,99,189, 
1627139112,8,77,160,80,91,29,100,124, 
1627139117,44,66,85,135,152,134,13,175, 
1627139122,24,178,10,92,38,137,8,15, 
1627139127,35,20,35,154,199,87,147,21, 
1627139132,83,115,21,140,15,52,75,15, 
1627139137,177,130,36,140,189,104,102,122, 
1627139142,199,75,81,39,45,172,92,129, 
1627139147,127,154,194,7,126,115,97,161, 
1627139152,40,128,80,72,140,25,196,163, 
1627139157,189,93,76,73,93,89,109,93, 
1627139162,117,101,151,168,50,9,112,67, 
1627139167,13,186,61,46,152,45,193,106, 
1627139172,81,55,76,76,103,118,73,17, 
1627139177,106,19,40,76,3,1,12,2, 
1627139182,68,87,9,36,8,112,174,136, 
1627139187,161,100,9,103,135,112,67,63, 
1627139192,130,183,84,104,131,95,146,185, 
1627139197,42,142,81,134,115,22,150,172, 
1627139202,193,13,61,160,87,130,130,56, 
1627139207,95,77,167,102,98,183,190,58, 
1627139212,93,76,75,36,25,10,65,157, 
1627139217,133,1,114,166,63,35,13,81, 
1627139222,89,32,60,59,57,76,111,111, 
1627139227,67,13,126,164,94,123,75,28, 
1627139232,129,99,33,143,45,140,56,140, 
1627139237,28,192,104,176,198,81,59,24, 
1627139242,165,18,89,164,139,47,84,18, 
1627139247,75,157,60,92,166,180,113,128, 
1627139252,3,195,68,113,89,158,97,99, 
1627139257,143,176,126,175,8,0,190,82, 
1627139262,99,140,105,23,56,179,67,24, 
1627139267,34,156,151,125,101,93,64,175, 
1627139272,35,80,143,185,145,97,40,1, 
1627139277,45,37,124,197,68,136,49,104, 
1627139282,175,55,100,148,73,65,45,11, 
1627139287,187,9,172,192,7,52,103,33, 
1627139292,155,198,196,138,10,74,69,122, 
1627139297,163,45,159,67,102,53,122,175, 
1627139302,42,55,130,2,160,150,82,178, 
1627139307,120,128,69,57,14,156,128,104, 
1627139312,139,109,11,150,110,57,150,139, 
1627139317,111,8,0,191,56,140,132,168, 
1627139322,57,185,148,20,94,153,9,77, 
1627139327,100,173,142,178,87,140,69,23, 
1627139332,10,168,18,153,81,96,53,76, 
1627139337,100,123,11,151,148,113,166,135, 
1627139342,91,127,29,113,88,88,2,63, 
